65
9   19  25  24  26  15  3   28  16  5   4   8   13  4   5   20  17  6   23  27  7   28  24  13  12  19  29  2   30  25  11  22  21  10  10  29  1   6   31  18  1   32  14  33  15  34  35  36  37  20  38  39  25  40  3   41  42  43  44  45  30  46  47  48  49  
10  28  15  35  43  25  39  23  29  6   28  20  5   24  2   19  9   17  26  30  41  27  28  4   1   18  22  47  21  38  5   8   13  14  46  49  43  40  42  37  9   2   33  9   45  27  2   48  41  37  31  25  11  32  44  46  34  28  16  11  36  12  20  40  28  
41  19  43  32  18  3   14  10  45  42  39  3   26  16  1   4   24  27  26  44  22  46  5   23  9   17  31  15  13  33  10  47  2   5   35  19  6   8   5   7   42  37  11  38  43  16  26  28  40  5   29  36  25  21  12  7   20  48  33  30  31  38  46  21  34  
27  2   42  8   39  31  4   3   13  28  37  10  8   13  44  16  7   44  48  14  46  19  26  14  10  22  2   9   34  6   24  49  43  17  36  15  26  1   38  9   29  5   14  41  6   25  40  35  4   6   21  30  11  9   45  12  43  33  32  47  33  11  31  18  20  
49  8   11  21  20  47  14  43  36  30  29  19  22  49  35  39  39  36  28  25  18  9   18  34  33  24  29  6   2   42  25  30  4   45  44  18  15  21  37  5   13  27  3   10  32  26  7   44  48  48  49  33  12  2   19  13  16  4   46  43  23  10  20  38  22  
24  7   41  46  21  34  25  36  19  39  11  1   20  37  4   34  4   8   47  24  33  31  27  45  6   38  45  5   49  44  17  12  4   29  33  16  45  48  45  35  40  1   9   2   48  3   27  26  36  30  13  24  14  30  32  1   16  15  43  18  8   22  48  28  23  
32  31  28  2   32  6   19  11  39  10  47  44  48  25  9   20  23  48  7   5   9   4   7   38  27  5   15  29  35  32  13  26  49  41  21  22  37  22  2   26  34  12  17  24  33  16  18  21  43  27  14  29  39  3   10  40  36  16  41  46  42  8   48  20  24  
40  18  45  48  20  12  18  44  47  7   8   33  16  11  48  43  38  9   12  39  24  11  34  2   22  14  8   7   24  31  32  13  47  18  5   25  43  4   46  26  33  35  5   1   17  20  6   41  34  15  18  49  30  29  28  27  43  3   41  37  19  34  36  23  40  
30  42  25  41  37  23  23  21  14  43  31  15  28  45  29  9   34  5   6   36  39  34  11  11  38  5   18  22  36  48  49  11  48  48  14  32  46  47  3   10  30  20  12  27  10  28  13  37  35  19  16  41  33  25  24  37  40  33  8   4   20  17  7   26  44  
23  4   27  14  19  18  27  5   31  1   24  5   4   30  6   6   12  27  49  11  13  20  31  9   35  25  10  37  38  28  20  39  7   3   8   21  44  2   45  36  21  48  28  40  29  13  38  45  20  42  47  34  16  12  43  26  32  47  15  35  33  7   13  41  27  
45  25  10  4   38  38  42  32  41  3   32  5   27  17  30  44  22  48  25  9   23  18  14  20  1   36  38  8   2   43  40  44  18  26  20  11  7   11  24  37  20  16  6   8   35  21  46  1   47  34  27  38  31  19  33  15  38  28  9   39  17  13  36  29  4   
17  3   19  22  3   17  10  30  30  8   4   2   11  31  39  21  18  19  35  18  34  4   44  26  47  45  48  43  16  1   48  16  6   16  24  33  11  36  32  28  20  7   20  12  47  19  9   4   39  45  46  27  13  39  41  19  23  32  25  49  15  42  28  5   19  
43  7   33  3   8   18  9   17  15  48  5   34  29  19  40  10  30  39  12  35  39  41  22  44  49  2   28  19  21  16  1   24  46  44  1   37  28  34  5   27  6   11  36  43  10  4   13  32  23  45  24  32  20  7   38  3   47  26  18  45  13  35  25  36  16  
39  30  21  36  49  4   19  33  40  30  28  46  39  8   34  17  45  42  15  32  20  25  48  13  44  47  25  35  35  11  2   27  4   38  41  13  5   19  43  14  23  45  7   21  18  3   10  37  19  14  46  12  22  26  1   12  44  29  35  6   2   3   31  42  9   
10  17  30  47  16  49  43  8   33  14  5   37  19  44  48  10  9   26  38  43  18  23  4   21  48  31  33  3   4   3   46  6   20  33  13  40  16  25  33  42  32  1   2   29  6   12  34  44  11  38  41  22  25  5   6   25  35  34  36  7   24  32  27  15  12  
7   46  17  34  27  8   37  11  4   19  12  49  15  27  22  44  31  45  8   33  2   42  40  18  48  23  21  32  48  6   43  11  28  13  33  39  13  24  35  29  16  41  38  10  5   9   3   42  26  29  48  36  36  1   47  10  5   20  30  41  14  25  24  1   17  
32  1   7   31  25  2   1   36  28  24  38  20  14  49  36  45  26  36  13  18  47  44  34  31  43  40  42  32  48  20  23  23  19  41  39  17  12  1   4   9   44  21  3   6   27  24  5   8   30  22  12  46  29  11  3   30  3   37  23  16  3   40  33  39  35  
1   48  29  31  28  32  24  7   9   34  3   32  6   21  13  26  5   11  28  37  25  46  23  45  19  43  31  18  7   16  33  45  12  8   4   35  1   39  8   30  3   14  49  41  15  42  22  47  30  36  10  44  44  27  40  16  17  42  45  4   38  27  26  36  44  
11  7   32  44  32  33  29  26  35  23  1   20  23  11  36  48  25  23  27  14  25  45  39  12  31  6   8   21  10  46  42  42  19  5   32  4   30  41  34  2   13  38  23  20  30  47  49  22  30  41  35  17  28  17  18  9   7   6   37  43  49  15  41  16  3   
35  12  22  26  30  17  18  18  33  17  41  40  4   34  21  6   42  20  10  46  5   47  46  11  43  44  19  4   49  29  36  3   31  48  6   16  49  32  2   16  45  28  47  9   2   30  15  18  22  39  1   37  23  13  25  7   23  24  46  14  26  37  38  39  8   
37  21  17  19  16  7   33  49  27  10  45  42  12  22  28  35  8   21  9   31  4   14  38  30  33  15  23  46  41  34  5   10  40  30  38  6   49  26  29  18  22  26  44  13  36  23  11  48  42  5   39  43  43  47  8   2   18  36  3   1   32  28  39  13  14  
41  16  21  30  37  43  1   18  33  29  36  21  49  28  5   24  10  38  46  22  19  42  8   48  26  41  20  41  7   26  4   9   5   25  31  8   11  35  39  32  29  15  13  45  2   2   38  14  12  45  17  40  19  37  34  28  33  5   23  2   3   47  38  27  13  
42  13  31  11  36  3   48  35  9   38  18  29  44  15  24  25  14  21  3   13  41  37  12  5   23  34  8   10  20  15  39  28  8   35  17  1   14  18  27  27  19  22  30  47  46  38  45  6   29  49  22  26  5   34  16  33  27  40  17  28  7   34  43  2   26  
28  6   21  18  47  39  41  37  19  16  44  7   38  48  38  49  40  8   33  1   36  44  43  1   17  4   29  14  39  17  45  19  29  27  46  19  2   15  22  23  46  31  4   18  12  35  35  18  25  11  30  48  9   20  45  8   13  32  33  26  16  5   10  43  42  
20  47  36  23  2   39  16  4   21  9   27  13  45  33  44  26  36  31  45  8   49  32  30  6   5   37  20  9   22  18  26  40  17  34  13  43  1   34  15  23  41  19  5   35  25  22  16  10  38  3   28  14  46  1   30  14  48  7   28  3   29  17  12  11  36  
25  29  8   38  30  45  32  23  48  40  10  35  24  39  11  22  6   33  3   17  7   47  30  31  2   16  3   29  33  4   42  9   14  19  23  36  42  46  28  20  15  43  36  26  45  39  45  19  23  44  12  9   36  31  5   34  37  5   27  22  21  41  1   11  7   
8   41  48  4   40  35  37  29  12  6   21  1   14  6   31  37  49  27  25  14  43  1   20  32  24  33  39  30  31  2   2   48  27  10  3   47  36  44  29  14  32  39  19  31  7   38  42  5   15  27  26  17  18  46  22  45  48  13  34  1   11  6   9   8   44  
12  29  41  49  29  22  28  1   5   5   13  4   18  20  31  14  9   16  36  43  6   3   38  24  4   8   46  12  42  35  27  14  26  39  47  44  6   7   30  6   47  33  45  25  1   48  32  16  13  10  3   2   23  17  38  37  15  29  40  21  34  14  39  19  38  
27  13  27  29  4   1   20  33  44  26  25  23  20  9   46  22  15  18  13  3   17  34  31  20  39  35  42  33  46  27  25  24  46  32  48  31  45  5   29  21  41  6   42  34  34  16  12  2   18  43  7   11  10  1   14  38  46  49  47  21  16  44  40  42  37  
49  20  18  28  1   32  21  41  24  11  14  49  48  26  15  38  25  13  16  6   1   5   17  3   45  27  44  40  29  21  9   35  24  31  25  31  47  29  19  46  10  21  34  43  23  30  13  15  6   8   27  42  7   22  37  4   22  41  39  33  3   36  2   12  50  
21  25  5   19  45  30  34  8   32  4   49  9   41  40  33  1   2   23  24  20  29  41  18  39  5   48  9   13  11  12  8   30  35  50  36  14  39  27  1   17  43  44  12  3   19  13  24  25  23  16  11  29  1   28  42  36  3   22  49  31  46  5   15  5   26  
8   18  13  27  23  13  46  38  49  45  7   2   36  5   8   33  6   4   22  17  9   39  25  37  34  7   6   27  11  13  35  31  49  24  15  50  20  30  25  45  8   20  26  28  2   17  14  1   2   15  40  1   43  15  29  42  45  10  32  3   37  48  41  44  23  
6   50  34  42  4   46  2   16  11  23  3   47  16  18  8   15  19  36  41  28  45  6   10  30  11  9   4   26  17  2   21  37  1   37  32  17  35  33  38  39  31  29  46  24  48  18  49  40  14  25  44  13  39  12  20  35  27  38  7   19  22  16  37  43  5   
46  7   26  22  42  20  7   13  50  49  34  50  47  47  25  28  23  3   2   7   30  24  13  17  32  21  25  41  15  40  42  34  30  37  17  2   4   14  10  48  44  12  29  48  39  1   39  7   45  16  8   46  38  22  43  19  27  23  12  27  38  43  12  33  16  
33  5   6   9   28  29  31  19  13  13  46  39  4   1   18  8   47  15  50  15  14  12  32  43  39  4   16  27  38  26  28  25  37  15  42  7   16  17  15  45  2   23  50  36  44  28  21  11  25  18  17  24  40  1   49  10  41  28  20  34  27  41  3   30  22  
48  38  29  28  10  41  6   24  14  2   22  49  27  35  43  11  17  42  23  40  50  33  9   40  15  46  5   34  5   18  30  4   12  16  17  3   18  25  36  12  43  25  39  19  21  32  1   43  8   20  28  48  24  44  25  23  45  31  50  38  17  7   21  45  35  
29  33  16  20  26  36  27  31  50  44  26  26  50  4   17  39  28  49  18  44  15  3   13  49  27  29  14  17  22  47  7   10  5   33  11  45  32  25  23  46  46  34  31  42  37  39  3   38  25  21  41  41  6   10  6   22  30  1   35  5   40  9   8   24  32  
29  27  16  18  35  19  41  39  3   9   40  39  25  22  32  36  7   7   37  24  49  15  8   33  30  13  43  24  23  17  38  49  22  20  7   10  48  7   13  28  48  47  41  39  26  45  46  34  50  4   5   31  44  6   11  16  7   12  17  2   1   6   42  14  21  
45  23  3   27  20  10  50  28  46  18  25  48  32  36  15  31  37  41  40  12  26  28  4   27  47  49  40  27  1   24  5   41  16  19  43  34  25  13  9   44  30  5   21  11  39  24  33  32  10  45  2   45  35  6   38  29  46  39  29  24  8   20  24  22  15  
8   35  7   25  13  1   39  12  43  38  19  30  39  3   49  50  10  2   44  27  28  10  38  27  3   5   38  48  26  9   50  37  23  1   45  25  34  49  7   13  18  41  20  14  5   46  31  16  2   36  15  4   47  38  21  32  29  11  22  17  36  33  6   3   1   
5   26  37  47  46  41  38  35  34  33  39  41  22  2   30  47  48  13  43  10  44  14  1   40  42  28  24  32  25  4   20  7   17  8   19  13  9   23  3   29  35  49  29  17  11  33  50  21  3   1   4   33  6   45  31  37  12  18  14  46  39  27  48  32  30  
35  4   48  13  34  5   8   20  7   26  30  20  42  3   17  30  14  29  34  36  28  49  47  39  50  2   32  23  36  22  25  21  15  4   26  32  24  13  11  25  31  40  31  46  42  37  19  22  9   27  39  18  41  19  35  44  28  34  1   10  45  40  16  12  12  
4   34  5   40  43  44  3   10  30  3   9   14  41  38  16  41  50  47  29  29  35  30  7   22  21  12  13  25  19  36  31  33  45  6   9   48  42  49  21  1   28  24  1   9   5   11  50  13  36  2   44  23  26  18  8   20  39  27  14  46  33  20  17  37  33  
15  1   20  37  1   21  49  34  25  32  16  42  30  46  7   12  41  43  8   7   11  35  3   41  28  40  38  24  27  19  49  18  19  9   22  26  50  31  26  13  36  28  10  39  42  44  29  23  4   21  37  47  39  33  17  31  2   50  48  5   6   35  27  51  35  
31  14  9   3   33  31  13  32  2   20  46  38  28  4   41  40  32  21  17  23  1   48  3   42  29  15  47  14  27  17  34  15  44  21  25  51  19  37  12  30  7   8   45  18  49  10  20  39  46  50  32  35  30  4   11  6   50  25  12  36  26  39  5   22  1   
44  36  29  50  48  26  22  40  30  48  17  16  29  47  38  14  24  10  36  46  19  8   6   6   21  32  37  20  12  3   25  24  9   28  49  4   39  29  36  11  4   18  23  13  36  31  28  43  5   51  22  5   6   24  27  30  1   34  2   6   18  45  37  7   12  
18  8   14  38  3   15  15  47  28  36  50  24  10  16  5   27  1   30  32  25  48  22  33  8   7   6   6   31  1   41  38  45  38  28  51  23  29  20  49  24  11  9   4   34  42  19  50  46  21  9   35  25  37  6   39  24  4   44  2   13  5   29  22  17  2   
35  24  49  10  24  16  30  36  18  44  15  6   43  12  19  12  13  28  28  45  31  35  37  26  44  16  27  1   51  41  22  38  1   7   15  20  23  29  48  47  26  28  40  8   17  36  17  14  5   33  21  32  36  42  5   39  43  14  21  9   2   40  50  25  11  
50  15  51  2   6   7   16  14  20  7   37  36  21  41  45  42  3   34  11  26  1   13  41  46  11  39  41  38  43  24  4   17  29  19  33  30  51  28  40  9   5   10  49  4   3   49  10  9   1   47  23  43  48  35  19  18  18  8   31  25  9   32  44  31  27  
51  32  44  39  14  34  8   6   49  22  26  7   17  27  50  18  21  50  19  24  8   40  13  36  16  10  5   17  47  22  29  6   41  42  47  46  11  3   48  1   17  13  15  35  30  15  48  30  20  16  45  38  49  23  32  11  31  9   25  24  35  49  11  4   43  
16  49  41  51  30  9   22  10  8   50  2   18  33  48  42  45  35  40  4   19  32  43  36  5   30  26  17  16  44  23  12  32  25  47  29  48  41  29  6   24  14  2   1   37  3   15  27  30  7   13  20  10  34  21  48  40  38  48  10  28  17  29  45  46  22  
17  25  47  22  29  11  38  25  39  42  18  32  46  43  33  13  33  10  21  27  27  50  45  7   20  4   23  49  45  49  50  6   28  2   36  5   31  12  22  3   37  36  24  22  41  34  30  26  51  9   30  16  32  14  26  48  30  19  38  8   19  1   14  7   10  
22  2   35  15  25  48  44  42  23  27  17  12  37  15  39  13  11  19  8   1   32  39  50  51  26  30  33  49  35  25  16  7   36  40  34  21  1   47  45  31  44  17  12  29  15  24  21  7   28  46  9   16  4   41  18  5   6   14  1   40  10  1   8   20  18  
39  10  39  7   9   42  18  27  6   4   43  17  4   22  3   5   4   48  29  3   38  26  25  20  40  20  36  39  15  37  41  28  32  1   30  29  8   50  47  51  12  18  46  39  13  33  36  51  21  24  46  19  2   49  23  44  14  24  11  48  24  44  41  34  11  
32  9   13  16  17  8   45  2   30  47  10  48  35  49  15  51  19  14  1   34  40  36  4   28  34  42  12  13  8   39  44  50  33  31  18  38  33  21  5   22  24  48  43  7   26  27  39  3   19  12  25  4   49  12  4   21  45  46  6   5   20  23  25  52  41  
52  45  1   16  1   10  33  25  22  17  13  34  40  39  18  52  29  49  30  6   30  11  35  19  5   7   20  42  20  21  14  48  47  51  5   26  3   38  17  8   34  4   9   49  31  1   44  27  23  32  50  15  45  36  46  12  21  41  10  12  28  35  23  46  25  
34  40  50  43  51  14  24  50  38  15  8   52  3   13  20  29  44  1   39  19  16  34  42  13  11  13  30  23  33  45  34  2   7   12  7   27  43  10  16  48  17  26  22  47  28  6   8   12  24  12  19  21  39  53  48  35  9   35  4   7   37  18  49  47  11  
36  31  40  52  5   32  35  24  1   12  34  7   4   23  14  32  17  25  45  42  37  22  18  45  45  50  4   51  18  8   19  41  33  18  53  45  13  42  18  29  27  46  11  31  52  29  8   44  17  48  43  6   3   40  10  49  15  21  26  20  27  28  28  39  47  
38  52  1   6   31  40  52  15  53  13  20  24  9   34  2   30  34  11  14  48  10  27  51  29  4   22  7   12  32  5   44  46  12  43  50  42  38  41  16  30  39  52  28  44  8   16  37  17  31  26  47  3   35  48  36  47  19  45  13  15  25  42  35  49  10  
26  39  53  33  41  50  51  22  5   37  52  25  29  14  47  7   20  32  24  16  13  6   49  25  52  3   35  45  46  50  47  52  11  33  14  19  17  50  44  4   37  45  8   30  45  43  3   1   18  36  36  48  27  15  15  8   10  20  42  23  9   31  18  54  40  
16  22  24  5   8   54  12  7   26  15  52  33  1   29  37  2   27  6   31  4   40  21  37  25  8   26  17  28  9   48  2   36  42  39  38  52  40  31  51  50  53  3   32  6   9   13  47  3   34  23  44  10  20  39  23  43  50  35  19  49  44  30  11  55  12  
2   52  22  55  12  24  47  35  1   31  23  19  34  23  54  17  16  53  3   41  42  43  52  41  55  51  13  15  6   46  18  5   30  46  47  9   5   43  12  49  25  8   50  32  54  8   29  29  27  28  33  11  21  30  7   20  26  47  56  44  30  19  4   52  39  
47  43  2   11  54  42  56  55  39  25  47  45  22  7   16  46  37  49  37  38  3   53  39  44  18  35  41  11  24  51  56  52  39  22  38  12  26  37  20  15  13  42  29  50  14  5   4   5   31  40  33  28  8   34  38  17  47  30  9   25  47  21  29  6   19  
55  37  50  53  14  27  7   6   17  53  51  28  52  15  37  12  46  54  20  47  12  16  2   35  39  56  1   48  18  33  41  29  34  38  40  24  31  9   15  43  27  30  25  54  22  17  23  49  28  38  3   47  42  14  13  57  8   39  40  11  48  16  19  29  31  
4   45  10  37  34  52  29  57  55  13  54  1   56  41  10  10  27  30  31  53  12  43  29  14  14  1   47  36  3   21  26  45  51  23  28  36  32  11  50  19  48  58  57  5   20  18  45  24  44  26  47  8   17  37  42  44  49  16  33  9   38  39  30  35  22  
