25
5   3   11  2   4   5   4   8   6   9   7   1   5   10  10  12  9   3   2   13  14  9   15  16  17  
17  12  7   1   9   2   14  4   6   11  6   12  5   8   15  13  6   3   10  10  16  7   18  19  6   
16  15  19  13  12  12  6   10  11  2   16  3   9   4   7   5   1   11  14  17  9   8   2   18  10  
13  9   2   14  5   16  4   6   1   3   19  2   17  6   11  8   15  7   19  1   17  10  5   12  15  
14  4   16  12  8   1   19  1   7   2   4   15  5   9   3   17  11  10  12  12  18  1   13  19  6   
7   6   2   19  16  17  8   9   18  1   15  5   3   6   13  13  8   19  15  10  11  4   14  14  12  
3   14  1   18  1   10  3   15  13  12  11  8   2   17  6   4   3   19  8   7   15  12  2   15  16  
12  7   4   5   2   18  16  12  15  8   9   10  14  1   7   11  18  17  13  19  19  3   19  4   12  
6   9   14  11  16  18  7   16  5   17  7   12  1   19  4   5   3   9   2   5   9   2   1   13  8   
9   4   13  16  15  8   1   11  2   6   13  19  6   7   17  18  14  15  1   3   5   15  12  7   11  
19  7   6   3   11  11  8   18  17  12  2   17  16  7   10  14  7   18  9   4   16  9   20  17  1   
18  20  9   15  5   6   19  10  2   13  13  18  2   10  16  18  19  1   17  11  7   7   8   9   4   
20  2   5   10  13  19  15  19  10  18  1   20  11  14  11  7   10  16  12  16  4   6   1   3   9   
10  18  6   6   8   3   5   20  14  17  19  11  8   12  9   15  4   12  11  2   1   2   16  17  8   
12  19  10  2   17  9   12  18  9   6   16  7   17  5   1   1   16  2   4   16  20  14  17  8   11  
5   8   4   9   4   12  18  14  8   19  17  10  1   2   18  3   16  11  20  14  10  3   6   15  13  
3   10  9   3   7   16  20  2   12  16  8   17  20  15  19  1   13  6   5   18  19  11  14  6   21  
5   8   7   21  6   15  7   7   19  9   21  14  12  16  5   6   20  2   16  22  17  1   20  10  7   
11  5   3   14  21  7   22  13  14  4   10  3   18  8   2   16  15  20  6   21  12  13  19  1   14  
22  18  17  4   10  17  9   2   16  15  5   6   19  11  16  20  18  8   22  21  13  5   3   2   18  
8   21  13  22  22  20  1   14  4   13  18  10  18  12  7   19  17  17  3   8   2   16  1   11  5   
4   13  15  13  1   9   22  5   10  21  5   16  10  22  2   6   9   14  7   19  2   17  11  16  20  
9   13  8   7   19  18  21  1   22  16  3   9   6   20  14  20  2   5   18  18  6   15  11  23  24  
21  24  18  24  7   4   17  22  5   15  14  5   23  13  20  2   23  6   16  8   15  12  9   12  19  
2   22  20  15  24  21  10  12  1   7   9   4   9   23  12  10  5   13  8   24  23  18  17  6   15  
