70
33  7   35  6   27  23  7   19  31  20  34  28  20  3   10  25  29  15  17  18  12  16  9   32  6   22  24  13  18  2   30  21  13  5   28  4   17  22  23  25  31  1   26  14  24  8   11  28  33  9   17  36  15  37  38  39  21  40  41  42  43  32  44  43  45  29  46  47  41  48  
30  1   24  21  41  4   29  20  44  9   19  2   5   19  18  26  15  46  11  1   35  17  27  13  45  46  48  17  43  16  41  14  12  15  25  8   16  31  32  32  10  22  38  43  28  47  6   26  20  23  33  37  7   22  39  4   40  3   32  34  34  36  16  42  49  50  20  51  52  53  
40  16  39  53  31  18  26  22  30  21  41  34  1   47  1   37  5   50  18  49  25  43  50  12  24  52  44  29  36  24  28  13  38  44  48  10  9   19  24  15  35  38  32  27  51  33  17  45  4   36  20  4   2   16  46  13  49  17  42  36  7   14  14  21  23  3   8   31  29  11  
41  11  27  18  4   42  10  46  12  34  4   43  22  26  5   44  36  5   41  43  14  17  15  33  3   32  16  37  33  25  5   53  24  8   19  1   12  44  1   21  47  31  47  48  17  6   20  40  53  27  27  16  15  45  39  52  30  46  9   35  38  49  44  47  39  13  23  7   17  46  
3   41  25  5   8   48  16  13  27  39  51  9   33  12  14  26  46  29  5   40  11  44  21  28  28  23  49  38  18  21  20  14  42  32  9   15  23  38  36  8   7   34  39  8   26  39  29  30  35  50  2   52  17  22  24  13  4   21  32  45  6   31  37  52  19  6   53  41  30  47  
20  32  42  49  46  2   45  37  41  37  10  15  18  24  53  27  11  52  26  5   50  42  7   35  48  9   29  8   26  14  31  24  28  36  42  33  47  1   14  17  23  21  43  40  19  44  24  34  23  25  47  22  13  11  3   6   16  29  51  48  46  50  12  32  5   53  30  39  38  51  
31  43  13  28  11  30  47  49  46  1   14  50  30  29  45  15  42  9   14  51  11  53  52  13  5   7   8   39  26  34  36  33  3   40  21  22  46  17  34  39  27  24  12  18  5   2   41  51  48  8   44  53  9   24  18  3   12  7   29  15  20  4   45  23  42  25  43  10  15  37  
19  44  42  27  44  1   31  51  42  39  35  7   2   8   46  47  8   14  30  37  3   4   25  26  23  38  45  6   40  9   21  34  22  53  45  11  16  51  17  35  12  13  19  23  52  15  21  33  37  49  28  20  8   43  32  35  48  24  39  41  18  9   8   29  50  5   36  16  10  54  
25  13  22  12  21  54  6   47  11  23  8   48  34  20  52  30  52  26  6   16  42  15  19  49  41  30  38  49  3   50  15  52  18  52  31  19  3   42  4   9   12  40  8   17  37  9   44  37  13  23  27  4   28  32  33  48  28  43  45  26  1   46  18  5   33  39  24  24  53  33  
51  26  8   51  17  9   18  22  40  48  15  12  21  13  38  15  39  11  47  7   34  1   35  3   46  31  16  23  44  34  37  54  50  6   22  29  36  27  8   53  30  52  4   9   45  20  6   19  54  24  14  43  50  50  2   16  49  13  46  19  10  7   25  43  42  33  41  28  48  32  
34  13  27  30  32  52  19  29  14  35  32  49  51  2   37  20  28  28  54  44  10  31  4   43  12  50  22  38  8   5   26  24  36  44  47  14  6   8   11  40  33  21  21  23  7   48  1   16  49  38  6   45  48  42  20  41  53  46  1   18  24  4   15  39  17  22  17  32  25  53  
28  20  9   46  33  5   20  8   2   30  54  22  34  42  38  48  39  44  49  29  14  50  36  54  1   11  40  20  27  54  35  41  53  43  19  37  18  32  45  1   14  19  17  19  16  4   24  8   34  12  10  2   11  51  31  47  17  15  3   25  20  38  27  13  21  12  7   26  23  6   
9   36  2   8   15  42  38  47  22  14  1   19  11  21  4   53  7   18  52  32  23  34  10  6   40  44  9   17  8   52  52  28  31  25  20  34  48  35  29  43  25  41  48  26  29  8   51  30  40  5   10  17  16  47  31  12  27  37  33  45  37  24  46  52  14  19  42  49  32  3   
26  7   10  22  8   24  13  43  53  40  7   3   14  43  17  32  54  45  44  23  47  28  35  19  54  6   13  34  39  41  51  46  11  25  11  48  8   33  50  39  32  32  49  29  16  30  12  44  36  18  21  31  5   26  4   35  42  31  7   8   1   22  11  7   51  47  34  38  2   20  
8   25  52  37  13  31  43  4   35  54  36  51  44  15  38  49  12  49  29  19  28  17  10  16  38  28  34  22  20  45  1   4   46  9   50  18  11  42  5   27  26  23  39  32  43  53  45  24  14  23  54  39  52  6   48  33  42  47  10  7   28  30  21  40  3   2   5   42  22  8   
41  33  33  19  48  32  4   10  37  43  24  8   32  11  35  36  1   29  31  18  9   23  51  34  19  49  23  44  15  17  27  42  48  16  13  46  54  14  2   52  50  15  6   22  41  21  26  52  3   26  7   51  45  7   28  11  20  48  16  3   39  34  53  51  12  14  40  36  18  30  
22  42  51  24  18  52  43  28  9   21  17  14  35  44  48  10  29  38  49  39  47  6   49  53  26  16  45  30  5   1   52  9   15  18  51  12  7   20  25  8   29  35  23  12  46  29  31  4   19  51  3   34  35  13  21  36  43  45  37  7   44  33  32  53  43  11  28  37  54  21  
27  18  7   9   50  11  52  39  45  8   21  13  33  23  8   12  15  54  19  48  28  20  20  14  19  5   42  23  6   26  3   16  25  49  3   44  37  2   11  24  44  17  28  45  7   22  22  47  31  41  54  30  35  35  10  34  43  19  1   36  9   52  40  43  46  29  32  21  50  31  
15  14  26  11  1   39  49  37  18  27  20  27  4   8   13  5   38  16  1   2   19  24  9   42  46  51  40  22  10  31  29  40  47  45  54  49  44  11  3   41  6   48  3   2   36  43  47  14  25  30  52  12  15  34  50  26  25  35  30  38  17  23  51  24  33  10  21  49  32  28  
4   42  27  16  36  23  14  31  14  49  21  47  26  9   50  44  45  20  37  3   1   41  6   31  42  43  43  2   53  34  8   44  30  20  29  17  48  28  5   10  19  42  37  25  45  13  48  12  6   51  12  8   25  39  11  38  24  22  54  5   52  18  35  51  7   38  15  11  7   40  
10  38  23  29  21  44  53  17  11  25  23  16  30  41  21  13  35  18  27  15  39  46  37  4   21  12  6   37  14  48  50  5   34  54  8   40  49  34  42  20  38  8   19  11  5   28  3   16  18  4   24  19  37  52  22  28  7   30  47  2   3   43  30  33  36  51  21  9   31  39  
17  48  40  20  37  54  6   11  45  20  42  20  49  8   28  18  50  1   53  29  4   15  24  51  9   29  23  54  14  27  37  43  19  52  7   16  35  3   30  30  38  47  5   12  9   36  23  22  32  21  22  18  31  11  41  29  12  33  52  13  34  18  10  30  15  40  39  12  14  16  
12  13  46  10  51  49  35  32  50  44  47  33  41  4   42  40  48  10  21  1   53  3   26  27  39  36  7   25  22  28  38  52  38  30  20  6   43  11  19  47  2   37  33  20  41  16  25  14  46  17  8   27  50  15  10  23  40  9   21  48  11  34  54  45  28  48  18  29  14  5   
52  2   16  38  26  3   41  23  12  41  47  27  8   33  53  36  17  9   24  21  8   11  18  40  28  2   30  26  15  31  4   34  50  51  10  20  49  11  14  32  44  31  45  13  3   39  43  32  7   1   34  41  21  53  29  31  46  35  48  22  10  9   19  7   54  42  16  1   5   25  
43  40  50  35  49  18  42  38  48  17  40  16  23  17  3   32  29  25  10  14  20  12  22  34  53  15  1   42  45  29  23  39  47  21  8   14  31  36  31  4   46  16  15  24  6   48  35  10  9   11  5   13  44  26  34  50  51  2   34  30  28  19  25  48  27  5   41  33  21  23  
44  8   2   52  28  47  48  7   19  26  42  10  38  37  40  44  23  5   42  51  6   49  46  2   15  53  18  35  16  22  39  45  14  41  11  30  13  17  27  38  34  35  1   43  18  54  5   9   47  32  5   47  51  25  3   50  7   29  4   22  33  48  31  37  13  3   45  14  20  24  
5   13  1   10  38  12  46  30  51  29  14  41  54  50  11  31  34  47  25  2   52  16  44  45  35  40  45  9   42  17  25  8   32  20  40  16  4   39  26  26  28  46  18  15  46  27  36  21  51  47  53  32  31  23  17  9   38  6   49  24  49  3   43  37  48  5   33  50  19  25  
11  31  48  45  41  3   11  20  16  47  33  19  43  50  9   15  9   8   13  27  7   2   39  10  14  54  39  32  27  1   23  23  5   35  40  9   29  40  12  45  30  20  8   50  49  37  3   17  28  38  22  25  47  9   36  4   44  38  34  19  42  39  26  6   4   53  54  46  18  51  
37  6   3   35  32  39  3   24  5   48  20  28  37  16  43  42  13  30  22  15  17  44  33  39  49  41  10  40  41  51  38  9   18  39  19  23  45  15  7   42  8   29  43  4   16  42  19  1   26  28  46  2   20  31  40  2   54  27  2   52  36  48  1   12  20  14  47  49  50  21  
53  22  26  14  50  13  54  24  52  28  2   40  42  35  41  23  45  8   3   30  43  38  11  5   25  20  47  41  7   25  43  1   16  51  53  50  14  37  1   28  15  6   44  51  47  31  15  21  25  45  14  29  27  48  49  32  19  10  17  33  20  12  30  4   9   31  21  18  27  36  
38  32  49  48  7   53  40  35  54  51  44  11  37  53  31  14  18  43  7   34  22  8   46  29  12  13  46  18  4   47  12  50  8   12  4   3   23  41  26  30  48  40  41  21  24  19  39  10  5   6   11  25  24  21  27  20  52  1   7   28  25  45  17  15  16  35  9   2   15  42  
22  37  52  7   10  45  23  20  8   49  22  38  19  39  27  37  24  1   32  44  33  5   42  12  13  3   15  9   33  43  2   6   21  11  41  31  38  50  29  19  51  30  35  4   17  21  54  34  39  6   4   26  25  1   15  24  28  36  53  46  16  48  39  18  40  46  16  12  45  34  
46  49  12  47  48  26  46  6   12  10  25  54  33  38  8   1   31  23  43  22  51  15  29  33  20  19  39  36  37  7   24  4   3   48  30  4   25  19  13  50  40  44  52  44  12  34  16  11  27  35  51  5   36  9   26  21  15  42  20  53  3   10  2   52  17  41  51  20  45  18  
7   3   44  4   12  27  25  11  49  22  28  48  47  13  25  43  33  22  4   37  32  42  39  15  52  45  46  46  32  18  1   19  10  23  35  53  1   6   7   14  24  50  39  30  35  17  34  2   30  37  16  44  38  31  9   54  36  37  8   11  38  51  41  26  29  18  31  34  32  33  
10  50  19  51  38  16  40  23  15  28  18  45  15  10  32  19  30  3   50  12  44  18  8   21  28  11  52  9   35  8   13  17  41  29  24  49  34  9   47  8   36  26  31  43  27  38  2   54  53  43  12  48  42  20  33  22  3   37  14  10  6   11  7   49  36  17  19  19  40  4   
32  51  38  23  52  14  37  31  20  4   18  36  31  45  28  11  6   17  40  23  49  25  48  2   4   17  33  24  29  54  42  10  28  22  52  19  16  8   46  29  31  39  34  5   14  35  31  1   31  8   50  28  33  30  53  15  41  5   13  9   47  21  20  25  44  26  41  27  43  14  
3   19  29  25  19  14  17  9   51  39  47  49  27  15  22  18  32  6   22  26  30  48  31  24  54  34  2   37  1   2   3   11  45  42  37  16  52  46  35  29  11  41  20  34  40  10  33  29  43  48  18  38  23  50  7   8   30  28  44  2   13  12  50  12  47  21  16  4   46  41  
23  17  2   3   22  43  42  16  48  33  38  9   30  31  51  28  21  6   2   11  24  24  12  8   43  42  54  7   50  15  17  29  20  11  44  54  10  53  35  52  13  36  30  1   4   36  25  39  33  34  3   49  37  41  52  37  5   19  45  46  11  26  27  19  34  18  6   52  47  14  
53  34  47  23  5   36  1   24  32  24  48  35  40  27  21  47  22  41  5   46  30  29  7   17  37  5   19  44  25  16  6   30  43  26  38  23  8   32  49  46  20  7   48  28  3   45  44  51  44  4   13  50  54  7   43  20  14  18  12  4   15  35  42  29  31  23  50  3   36  42  
36  45  36  4   14  35  52  41  43  49  5   26  24  18  23  50  15  49  17  31  16  19  2   39  22  47  11  31  7   12  22  3   1   18  2   51  15  44  38  13  9   42  36  53  39  7   40  48  8   20  32  46  29  13  25  30  22  26  20  6   22  15  48  10  3   37  54  40  34  27  
37  21  54  39  43  13  33  15  13  14  9   6   7   25  2   48  44  40  8   45  31  52  53  49  17  10  26  4   46  46  12  37  12  24  39  5   42  18  31  48  7   27  22  16  23  33  50  35  3   17  30  1   10  53  47  16  31  38  7   15  51  11  40  41  32  28  49  8   55  16  
55  20  18  44  35  34  12  23  1   17  37  10  9   24  47  33  7   26  38  53  45  36  3   32  10  17  18  5   32  4   49  2   43  49  6   32  21  35  51  23  41  54  25  46  52  11  28  48  42  39  33  15  22  8   19  24  48  14  12  27  22  40  30  35  28  41  52  13  39  16  
3   5   30  15  25  54  22  14  54  2   27  11  50  17  52  52  43  16  36  10  15  37  45  53  51  39  55  28  23  15  32  48  23  1   35  48  13  29  44  28  54  16  46  11  8   31  4   49  11  19  42  21  18  41  45  2   9   14  24  16  26  20  54  3   1   55  12  46  7   26  
35  12  4   36  16  15  9   11  29  46  25  55  6   30  26  38  48  34  7   10  13  14  54  50  52  28  31  24  47  40  13  18  2   16  16  45  20  49  43  19  5   38  37  10  11  13  27  37  17  23  51  33  55  3   44  25  22  52  5   35  8   19  39  21  20  1   31  32  42  40  
49  44  23  47  6   50  24  1   46  34  43  29  54  39  47  18  47  13  45  41  5   31  53  53  27  8   27  15  52  29  48  7   40  14  2   35  30  31  9   44  4   33  16  47  44  50  17  26  22  55  23  11  32  36  15  5   9   54  41  21  19  37  38  13  51  12  34  32  13  2   
48  47  37  34  3   17  8   44  11  42  46  37  28  45  55  45  20  54  10  21  18  27  7   30  13  24  13  19  8   49  36  5   39  35  52  41  4   14  32  7   23  9   36  50  32  38  53  15  42  33  29  40  4   50  6   51  10  25  43  1   18  35  2   36  22  30  26  31  16  15  
14  16  15  34  23  9   47  50  7   6   38  25  3   18  16  2   3   34  46  5   27  24  40  38  8   46  41  6   2   32  45  43  35  21  29  13  39  22  10  33  10  4   42  35  55  26  53  37  52  3   17  21  30  19  51  31  1   15  49  49  54  28  29  16  34  27  43  5   44  12  
50  9   45  33  31  53  51  18  17  22  39  21  30  23  7   34  49  42  37  20  27  42  47  7   15  2   4   1   19  38  8   11  16  19  12  44  26  13  25  36  24  32  55  31  6   41  16  23  46  52  40  6   25  46  5   55  16  16  28  43  14  26  20  17  5   29  40  54  35  22  
45  11  6   43  30  46  36  1   3   46  7   5   17  54  10  22  27  55  43  42  51  33  40  18  51  48  7   50  24  21  19  13  52  32  26  39  10  23  16  15  53  9   11  34  1   4   9   43  29  36  35  41  41  5   21  27  2   7   40  14  32  47  49  20  37  25  4   19  22  49  
51  28  8   42  4   33  22  51  34  18  31  17  39  55  49  2   16  24  21  52  54  30  13  27  32  35  12  12  11  6   9   47  24  38  23  13  50  24  40  22  45  43  36  19  44  3   8   40  10  4   20  54  52  14  26  54  29  44  15  52  48  26  5   2   25  7   20  4   46  1   
15  39  12  45  47  42  2   48  21  38  4   20  52  9   5   53  55  9   52  13  40  23  37  27  50  27  11  3   10  48  19  25  44  4   42  49  15  34  38  1   13  11  33  50  54  51  11  20  46  46  36  24  6   35  14  17  18  30  42  31  26  53  18  22  54  8   29  43  41  44  
2   40  54  31  30  51  10  30  39  35  13  53  10  24  14  9   26  12  15  36  2   25  24  20  12  4   50  29  6   3   44  23  37  7   7   1   38  54  33  34  47  46  27  42  38  55  46  8   37  22  38  41  50  28  53  11  18  5   52  21  45  14  6   49  43  49  41  30  16  17  
49  55  20  52  46  10  17  27  23  19  17  18  3   6   39  24  38  48  28  42  2   21  32  47  29  41  5   53  54  33  40  15  13  46  36  43  15  2   41  16  37  51  9   31  42  14  14  33  30  44  45  34  49  50  35  17  8   7   26  12  41  25  37  11  52  52  1   53  37  7   
11  29  53  2   34  16  28  15  17  39  26  23  45  51  33  3   6   7   12  37  41  42  16  13  30  55  17  21  29  19  11  20  17  27  46  50  6   52  5   5   18  12  24  35  31  40  22  29  50  15  54  44  12  32  1   14  39  4   22  48  9   8   49  5   10  45  25  56  9   38  
17  52  3   26  18  8   30  45  56  53  12  4   10  34  53  39  25  52  56  24  37  32  21  48  17  7   14  18  55  40  21  27  6   45  49  47  28  28  31  2   17  3   18  54  15  4   42  56  11  52  38  35  19  29  20  24  13  7   36  50  32  16  9   51  1   43  22  45  33  35  
43  15  11  56  1   6   15  36  26  50  49  5   8   40  52  15  33  53  30  9   9   55  28  25  47  18  48  39  45  23  46  36  8   37  29  24  32  16  20  54  42  14  7   44  2   29  49  44  47  13  19  4   22  32  30  10  21  12  15  20  31  41  30  35  17  34  9   48  27  45  
29  7   34  16  19  55  27  42  52  31  50  34  8   14  20  17  34  36  48  3   46  21  30  56  24  43  51  53  45  39  4   12  3   37  15  42  41  49  28  37  44  53  48  38  10  52  23  5   6   48  47  35  33  49  23  21  35  11  56  40  8   2   4   12  11  44  13  53  9   7   
13  49  18  39  28  47  19  2   36  52  38  24  56  39  19  19  26  51  50  17  5   37  45  7   7   1   14  27  21  46  53  43  54  31  4   42  41  10  20  50  15  28  29  9   30  1   38  25  11  40  42  55  43  37  12  49  39  23  35  56  50  16  34  6   29  16  14  41  8   22  
28  54  43  1   16  24  46  3   19  45  52  39  18  28  12  51  53  17  55  2   36  34  38  14  9   56  22  47  37  35  5   26  14  2   18  28  24  4   23  49  37  10  44  41  39  25  30  11  31  42  48  18  14  40  19  22  6   20  30  44  29  17  20  27  8   56  50  34  11  15  
19  20  56  1   42  29  39  9   25  55  16  44  1   48  30  1   4   37  34  43  5   5   20  11  18  53  36  44  12  45  14  32  23  13  17  2   34  26  22  56  17  41  40  49  53  28  10  6   31  46  9   7   3   1   16  35  32  3   27  54  41  33  47  17  38  21  25  15  51  49  
39  35  48  55  9   7   55  33  24  1   25  45  48  32  34  4   19  35  52  50  29  13  55  54  37  26  37  12  17  19  18  15  56  46  28  9   14  9   6   10  38  5   3   56  45  1   48  53  2   35  43  51  36  38  8   10  11  49  55  51  23  42  22  31  41  54  27  40  23  44  
47  16  36  13  55  27  21  34  20  41  49  32  4   46  44  38  20  56  50  36  39  55  5   7   33  10  35  51  47  11  31  45  48  42  27  22  32  40  54  42  52  32  14  36  20  51  37  17  24  7   53  23  8   4   18  43  25  17  29  47  8   1   24  30  8   54  9   17  3   19  
56  54  41  53  2   50  20  53  55  36  50  1   25  48  12  20  37  21  11  38  31  7   43  9   11  14  47  45  28  46  10  55  26  17  46  52  33  30  48  13  3   18  14  6   30  32  13  27  54  40  39  15  34  17  42  53  23  53  42  5   40  49  51  44  24  35  49  45  5   29  
53  33  51  54  41  30  56  5   52  15  48  46  46  49  33  35  28  19  20  32  21  11  1   17  16  13  17  45  9   36  3   51  12  4   43  2   2   25  53  6   55  50  13  3   24  28  28  31  29  47  26  42  39  18  41  40  23  11  38  20  12  14  23  44  57  7   10  57  58  40  
11  23  55  50  45  41  34  25  58  47  57  56  36  22  6   46  8   43  16  54  6   40  14  39  3   25  27  20  31  44  7   49  32  25  13  38  51  12  24  11  10  2   58  33  48  5   26  43  1   43  15  7   53  33  52  19  17  59  26  37  3   10  17  43  6   20  35  42  28  9   
57  56  52  32  9   41  5   21  16  33  14  58  31  59  19  16  54  35  53  31  43  57  8   43  19  37  52  48  34  31  17  36  10  47  14  33  53  12  13  18  22  45  15  45  38  4   7   42  41  29  27  3   8   44  11  1   12  51  50  23  27  45  28  2   6   52  23  20  49  16  
9   5   51  48  24  36  25  28  4   44  55  57  45  15  56  44  58  13  8   12  15  22  54  41  59  33  54  11  25  53  21  35  49  10  52  25  40  31  52  3   1   19  50  47  7   12  32  47  38  6   23  2   26  33  37  7   34  47  18  59  21  27  60  10  30  43  44  28  6   46  
42  10  28  8   55  25  55  26  33  11  5   20  20  44  36  37  14  36  59  56  37  60  57  46  17  21  32  26  38  13  22  52  51  48  17  7   59  47  15  35  45  24  14  43  41  47  34  50  57  2   58  47  19  52  54  42  45  32  28  49  5   7   3   16  18  30  48  6   31  23  
58  24  57  60  44  7   50  12  38  45  53  52  29  1   3   56  31  28  4   7   55  11  34  59  36  46  20  43  50  30  41  22  9   3   48  21  27  42  54  31  16  35  2   30  13  23  18  10  45  47  32  10  40  17  4   4   25  19  25  50  49  5   33  2   26  51  37  32  39  5   
21  53  14  23  12  59  15  4   47  12  35  31  48  19  25  59  10  33  57  55  60  43  56  19  43  52  32  51  30  20  58  17  9   28  34  9   5   48  4   51  39  16  54  7   11  18  52  41  16  36  49  1   1   6   40  46  50  8   12  29  2   13  44  9   35  4   3   24  26  61  
